mode_voicings <- list(
  Locrian = c(261.62557, 277.18263, 369.99442),
  Phrygian = c(261.62557, 277.18263, 391.99544),
  Aeolian = c(261.62557, 293.66477, 391.99544)
)
